astropy/coordinates/tests/accuracy/data/rv.ecsv
# %ECSV 0.9
# ---
# datatype:
# - {name: target.ra, unit: deg, datatype: float64}
# - {name: target.dec, unit: deg, datatype: float64}
# - {name: obstime, datatype: float64}
# - {name: obslon, unit: deg, datatype: float64}
# - {name: obslat, unit: deg, datatype: float64}
# - {name: geocent, datatype: float64}
# - {name: heliocent, datatype: float64}
# - {name: lsrk, datatype: float64}
# - {name: lsrd, datatype: float64}
# - {name: galactoc, datatype: float64}
# - {name: localgrp, datatype: float64}
# meta: !!omap
# - __serialized_columns__:
#     obslat:
#       __class__: astropy.coordinates.angles.Angle
#       unit: &id001 !astropy.units.Unit {unit: deg}
#       value: !astropy.table.SerializedColumn {name: obslat}
#     obslon:
#       __class__: astropy.coordinates.angles.Angle
#       unit: *id001
#       value: !astropy.table.SerializedColumn {name: obslon}
#     obstime:
#       __class__: astropy.time.core.Time
#       format: mjd
#       in_subfmt: '*'
#       out_subfmt: '*'
#       precision: 3
#       scale: utc
#       value: !astropy.table.SerializedColumn {name: obstime}
#     target:
#       __class__: astropy.coordinates.sky_coordinate.SkyCoord
#       dec: !astropy.table.SerializedColumn
#         __class__: astropy.coordinates.angles.Latitude
#         unit: *id001
#         value: !astropy.table.SerializedColumn {name: target.dec}
#       equinox: !astropy.time.Time {format: jyear_str, in_subfmt: '*', jd1: 2451545.0, jd2: 0.0, out_subfmt: '*', precision: 3, scale: tt}
#       frame: fk5
#       ra: !astropy.table.SerializedColumn
#         __class__: astropy.coordinates.angles.Longitude
#         unit: *id001
#         value: !astropy.table.SerializedColumn {name: target.ra}
#         wrap_angle: !astropy.coordinates.Angle
#           unit: *id001
#           value: 360.0
#       representation_type: spherical
# schema: astropy-2.0
target.ra target.dec obstime obslon obslat geocent heliocent lsrk lsrd galactoc localgrp
334.66179341417325 -37.4746243276451 56944.583333333336 -73.4083146850998 0.9934458639867794 -0.18 23.14 23.14 23.39 12.17 7.83
113.89519964944293 -24.267502562084083 53348.604166666664 107.4654213177339 -0.9569986706412217 0.41 -14.25 4.41 0.88 190.13 243.82
66.210772203754 14.714324392325588 53765.833333333336 -73.87981454255879 -1.031043527663963 0.44 27.29 39.97 38.47 40.93 30.65
73.6417002790943 -55.84826698141797 56834.604166666664 70.96377360006986 -0.1734450505423973 -0.06 -5.06 12.5 9.35 180.88 228.84
204.3810104694072 -45.57030459618369 53295.208333333336 -81.73467764966647 -0.604946001350626 -0.12 6.68 9.0 7.63 166.01 222.66
214.39609307253056 1.8138884922928018 50760.729166666664 148.51024245554663 0.03940746193103754 -0.37 -8.24 -18.09 -17.25 11.95 31.57
347.2252271048238 22.252107390805392 54702.0625 -72.52587584643553 0.1172968316070286 0.42 -11.16 -18.75 -16.52 -196.9 -257.13
235.14375487376552 45.50009583993112 53909.4375 140.3495179573211 -0.05262395721077776 0.26 12.19 -4.78 -2.02 -131.97 -165.02
269.60638951220824 17.140949971137772 56011.708333333336 160.8200257553005 -0.6043845463833969 0.06 -22.54 -42.04 -38.79 -180.02 -215.14
235.28515350662474 9.394853889964539 53351.916666666664 -119.19138376640424 -0.5481653070862904 -0.41 -14.2 -29.72 -27.66 -72.78 -75.72
269.1773313376586 24.975577707564298 56896.916666666664 -50.655093936251546 -0.602280880058363 0.42 18.34 -1.58 1.82 -154.86 -195.31
346.0704249862157 -29.68071601491614 54048.791666666664 65.5838290336441 0.3166456786256257 -0.4 26.25 27.34 27.6 -3.15 -15.69
3.0197872589592567 53.160610484023216 54763.395833333336 151.70110921981524 0.7653464790734448 0.1 0.82 -6.81 -4.58 -198.1 -263.07
38.31997561117896 -6.627424567462557 55519.75 -127.82723616205769 1.0370925745030768 0.39 11.94 23.53 22.32 16.85 4.47
107.53333695697735 -73.5279867111198 53993.083333333336 -144.04522141505498 0.6442651205842602 0.11 4.35 18.65 15.72 209.05 267.99
236.30802590961719 66.82716745025738 55231.0 -31.823000434204914 0.36982437935615714 -0.17 -3.51 -18.31 -15.59 -174.98 -220.86
291.5325189147365 17.72512847931437 52150.333333333336 171.04513347287752 -0.62547952609733 -0.04 14.66 -3.83 -0.42 -175.16 -223.63
313.9833289407419 1.513500797959476 56069.6875 -165.05764527647344 0.5044424937779216 -0.17 -27.28 -40.2 -37.53 -187.73 -232.09
347.27313505389486 21.38990692260652 53376.5625 -112.71085397550353 0.40477197455037056 0.42 26.47 19.01 21.22 -157.52 -217.26
260.5267248911832 -1.1986703812163568 51943.541666666664 39.15647567857732 -0.23874257222646839 0.23 -22.59 -39.41 -36.91 -112.1 -125.11
231.29111804250286 58.53732285682286 52528.229166666664 -148.60126255566854 0.7757311669082397 -0.04 2.77 -12.72 -10.03 -154.59 -194.35
258.2833034924689 1.8199938990721456 52360.1875 -66.13626459169684 0.05625202381376123 0.4 -25.33 -42.54 -39.98 -118.91 -132.96
168.33564259894672 -58.83496582048319 51615.083333333336 39.64887954254834 0.9043413373567406 -0.03 -9.66 0.86 -1.78 204.17 271.18
117.21048391417601 7.759579578627679 56364.354166666664 -107.5699033566731 0.6959551447790346 -0.44 23.22 37.26 34.73 148.03 177.72
158.27205811853142 13.325707913931879 52407.9375 69.08317791400725 -0.5738183280271965 -0.14 28.55 32.74 31.43 127.06 158.96
262.6880697888665 62.017700918318994 51427.458333333336 -91.93429037075109 0.6961234934619044 -0.08 2.56 -14.32 -11.16 -195.33 -248.59
357.8452509239863 -9.745569332792781 55550.854166666664 64.93381052225013 -0.8079571898867685 -0.2 29.65 30.42 31.06 -51.81 -83.35
243.67453623855718 -28.107026048533715 53614.729166666664 -5.0624175924442625 -0.035072199356146055 0.03 29.31 20.44 21.2 63.78 87.36
284.6961064252039 -53.630895572353495 55570.229166666664 -86.22186779862115 -0.7787340672175637 -0.04 -3.79 -5.72 -5.78 54.06 77.81
61.52913280527639 -1.6223494642741854 55509.916666666664 -78.21348508199557 -0.10359709759018712 0.27 -5.06 10.3 8.28 47.13 47.91
9.665739284376805 -4.052716210177093 52790.729166666664 145.9625831377877 0.3383307603623594 -0.04 -25.76 -22.44 -22.14 -101.03 -133.33
288.13328781316585 -70.13255329445501 51992.125 -80.69663252215345 0.616355159380941 0.05 -20.11 -16.32 -17.41 94.04 131.87
325.34011375812 22.864612376567866 52151.416666666664 122.81329530279726 0.32999840154090804 0.28 0.78 -12.41 -9.42 -206.94 -268.57
8.883435754535496 25.714952533161966 51369.083333333336 -109.2872251131505 0.43678098897547474 0.36 -27.17 -29.35 -27.95 -182.41 -237.78
177.02903464051894 27.362773160568356 50733.333333333336 -60.98996539279433 0.8880569847092364 0.17 -15.2 -18.75 -18.68 6.7 19.41
189.45186024594884 -9.86329409104824 50710.125 160.78675866598064 -0.7989862235046445 0.37 8.2 7.4 6.56 124.52 169.06
214.691763750977 -75.88361544740292 52216.354166666664 2.1858658339403405 -0.7822254133599056 -0.08 7.39 14.74 12.8 180.39 235.91
18.70471623691209 54.880135655957154 52200.708333333336 -34.770291013644936 -0.35558445082184315 -0.24 -6.28 -11.42 -9.62 -185.22 -245.73
322.2322300994116 35.363194699425364 55241.791666666664 -170.25784618433008 -1.2118068894128302 -0.38 5.07 -9.55 -6.31 -220.38 -286.83
262.1758249177622 -42.03632830194462 57294.6875 43.83852819600639 0.38496401885182396 -0.27 27.14 21.13 21.57 70.59 93.99
294.6060041003692 -21.98896894125426 56428.229166666664 -54.95453756736161 0.5579640044030655 0.42 -24.58 -35.55 -33.71 -96.65 -110.41
180.08019102040137 12.820102019263015 55981.916666666664 -80.35227799034473 -0.30467290716888323 0.19 -9.95 -11.91 -12.32 57.08 84.68
291.6681871691717 -15.724937669501106 52829.770833333336 -156.94028138415626 0.2341489277699312 0.42 -1.49 -14.37 -12.19 -93.83 -112.81
34.54866926804398 -43.46590628574244 53233.916666666664 -59.61941319035486 1.1604926136685172 -0.21 -12.83 1.01 -1.07 87.27 107.65
78.82201574355365 -40.19510063677284 51952.625 -155.62442071260259 -0.431126807264691 0.35 13.44 32.83 29.5 192.8 236.12
93.13886217712052 47.373110575874435 57623.6875 -178.6232706253277 0.3826249910126916 -0.26 -23.35 -18.99 -19.25 -69.96 -92.5
168.51807142305665 -24.822634439632814 54756.6875 -165.25159077078516 -1.156857201461019 -0.42 -11.82 -4.23 -6.48 176.88 238.21
165.37435293725312 9.808706832070078 56716.041666666664 -54.37624837573425 -1.0654208134159855 0.4 -1.89 0.99 -0.2 99.8 134.47
255.42352087530443 -5.279265781945744 53124.791666666664 -146.8964480988924 0.6800056167019152 0.26 -16.27 -31.97 -29.77 -81.72 -87.11
64.09908211807372 -10.23254405085257 56582.020833333336 7.313661525185296 -0.12710524541521373 -0.28 -15.09 1.89 -0.52 68.57 79.13
